216,130,123,117,115
216,118,111,106,105
216,130,123,117,115
216,118,111,106,105
216,130,123,117,115
216,118,111,106,105
216,135,126,119,117
216,130,123,117,115
216,130,123,117,115
216,133,125,122,117
216,130,123,117,115
216,130,123,117,115
216,135,126,119,117
216,133,125,122,117
216,133,125,122,117
216,130,123,117,115
216,133,125,122,117
216,130,123,117,115
216,133,125,122,117
216,133,125,122,117
216,130,123,117,115
216,133,125,122,117
216,118,111,106,105
216,130,123,117,115
216,135,126,119,117
216,133,125,122,117
216,118,111,106,105
216,133,125,122,117
216,133,125,122,117
216,118,111,106,105
216,133,125,122,117
216,126,120,114,113
216,118,111,106,105
216,133,125,122,117
216,130,123,117,115
216,133,125,122,117
216,130,123,117,115
216,130,123,117,115
216,130,123,117,115
216,133,125,122,117
216,122,115,113,112
216,130,123,117,115
216,122,115,113,112
216,133,125,122,117
216,130,123,117,115
216,130,123,117,115
216,118,111,106,105
216,130,123,117,115
216,118,111,106,105
216,133,125,122,117
216,126,120,114,113
