216,121,112,107,103
216,127,107,100,97
216,120,114,109,104
216,136,125,117,113
216,127,107,100,97
216,133,120,111,106
216,136,125,117,113
216,127,107,100,97
216,136,125,117,113
216,127,107,100,97
216,127,107,100,97
216,136,125,117,113
216,137,117,108,106
216,136,125,117,113
216,120,114,109,104
216,127,107,100,97
216,120,114,109,104
216,127,107,100,97
216,136,125,117,113
216,120,114,109,104
216,120,114,109,104
216,133,120,111,106
216,127,107,100,97
216,136,125,117,113
216,136,125,117,113
216,136,125,117,113
216,127,107,100,97
216,120,114,109,104
216,136,125,117,113
216,136,125,117,113
216,120,114,109,104
216,127,107,100,97
216,120,114,109,104
216,136,125,117,113
216,136,125,117,113
216,136,125,117,113
216,136,125,117,113
216,127,107,100,97
216,127,107,100,97
216,120,114,109,104
216,136,125,117,113
216,136,125,117,113
216,136,125,117,113
216,120,114,109,104
216,136,125,117,113
216,136,125,117,113
216,137,117,108,106
216,136,125,117,113
216,136,125,117,113
216,120,114,109,104
216,136,125,117,113
